129	147	
40	
65 33 2145 3
99 85 8415 1
97 56 5432 2
54 76 4104 2
48 41 1968 4
25 51 1275 5
100 30 3000 3
47 44 2068 5
33 73 2409 4
91 49 4459 1
38 41 1558 5
43 57 2451 4
69 67 4623 2
28 53 1484 4
86 59 5074 2
96 32 3072 3
47 43 2021 5
40 50 2000 3
91 60 5460 2
55 31 1705 5
26 38 988 5
86 56 4816 2
81 38 3078 3
84 38 3192 1
25 58 1450 3
27 32 864 2
76 67 5092 2
79 32 2528 3
84 37 3108 1
76 63 4788 2
36 58 2088 1
30 40 1200 1
25 49 1225 1
85 64 5440 2
50 33 1650 5
98 30 2940 3
41 37 1517 5
93 52 4836 1
99 59 5841 2
25 72 1800 1
