132	124	
40	
65 64 4160 2
80 69 5520 1
77 93 7161 1
75 93 6975 1
69 82 5658 1
62 41 2542 1
78 77 6006 1
87 71 6177 1
51 89 4539 2
54 86 4644 1
76 99 7524 1
78 69 5382 1
79 55 4345 1
67 91 6097 1
38 53 2014 5
75 72 5400 1
52 64 3328 2
86 65 5590 1
78 92 7176 1
62 72 4464 2
83 69 5727 1
64 95 6080 1
63 96 6048 2
51 69 3519 1
34 70 2380 3
35 90 3150 3
91 83 7553 1
89 76 6764 1
93 74 6882 1
78 91 7098 1
40 71 2840 3
60 84 5040 2
44 71 3124 3
32 48 1536 2
53 77 4081 2
58 90 5220 2
41 51 2091 3
76 69 5244 1
81 73 5913 1
66 70 4620 1
