185	123	
40	
81 84 6804 1
46 95 4370 2
61 83 5063 2
68 83 5644 1
87 67 5829 1
86 52 4472 4
74 97 7178 2
88 74 6512 2
75 70 5250 2
92 80 7360 1
61 79 4819 1
96 87 8352 1
87 79 6873 2
81 59 4779 2
87 87 7569 2
56 70 3920 1
84 77 6468 2
48 85 4080 3
87 62 5394 2
72 70 5040 2
51 70 3570 1
72 75 5400 2
95 72 6840 1
84 99 8316 2
97 76 7372 1
82 82 6724 2
76 85 6460 1
96 94 9024 1
83 61 5063 3
83 88 7304 1
67 81 5427 2
84 82 6888 2
85 55 4675 2
71 86 6106 2
74 85 6290 2
77 92 7084 2
81 87 7047 2
75 77 5775 2
55 85 4675 3
66 71 4686 2
