185	123	
40	
64 49 3136 1
25 68 1700 2
26 48 1248 2
31 47 1457 1
85 34 2890 1
82 28 2296 5
42 72 3024 4
88 39 3432 5
45 36 1620 3
96 44 4224 1
26 43 1118 1
100 53 5300 1
87 43 3741 3
64 30 1920 2
87 52 4524 4
25 36 900 1
77 42 3234 3
25 49 1225 3
86 32 2752 5
38 36 1368 2
40 27 1080 2
53 46 2438 5
25 66 1650 4
56 37 2072 5
55 77 4235 3
25 52 1300 2
61 28 1708 4
100 64 6400 1
72 31 2232 3
73 54 3942 1
30 46 1380 5
75 46 3450 2
80 29 2320 2
36 51 1836 4
42 49 2058 3
50 60 3000 3
65 53 3445 4
44 41 1804 5
25 50 1250 3
29 37 1073 2
