185	123	
40	
63 84 5292 1
29 95 2755 2
39 83 3237 2
46 83 3818 1
73 67 4891 1
71 52 3692 4
53 97 5141 3
75 74 5550 2
55 70 3850 3
82 80 6560 1
39 79 3081 1
90 87 7830 1
74 79 5846 2
63 59 3717 2
74 87 6438 2
34 70 2380 1
69 77 5313 2
29 85 2465 3
74 62 4588 2
51 70 3570 2
31 70 2170 1
51 75 3825 3
89 72 6408 2
68 99 6732 2
92 76 6992 2
65 82 5330 2
55 85 4675 1
92 94 8648 2
67 61 4087 3
67 88 5896 1
45 81 3645 4
68 82 5576 2
70 55 3850 2
49 86 4214 3
53 85 4505 3
57 92 5244 3
63 87 5481 2
54 77 4158 3
34 85 2890 3
44 71 3124 2
