129	147	
40	
64 42 2688 3
86 99 8514 1
82 78 6396 1
59 95 5605 2
56 56 3136 4
36 72 2592 5
90 37 3330 3
56 61 3416 4
47 93 4371 2
77 69 5313 1
51 56 2856 4
54 79 4266 2
65 89 5785 1
43 74 3182 3
74 81 5994 1
81 39 3159 3
56 60 3360 4
52 71 3692 3
77 83 6391 1
59 39 2301 5
40 52 2080 5
74 78 5772 1
71 51 3621 2
73 52 3796 1
37 80 2960 3
41 40 1640 2
68 89 6052 1
70 41 2870 3
72 49 3528 1
68 86 5848 1
50 80 4000 1
44 55 2420 1
32 69 2208 1
73 86 6278 1
57 42 2394 5
84 35 2940 3
52 51 2652 4
79 73 5767 1
86 81 6966 1
28 93 2604 1
