129	147	
40	
64 33 2112 3
86 85 7310 1
82 56 4592 2
59 76 4484 2
56 41 2296 4
36 51 1836 5
90 30 2700 3
56 44 2464 5
47 73 3431 4
77 49 3773 1
51 41 2091 5
54 57 3078 4
65 67 4355 2
43 53 2279 4
74 59 4366 2
81 32 2592 3
56 43 2408 5
52 50 2600 3
77 60 4620 2
59 31 1829 5
40 38 1520 5
74 56 4144 2
71 38 2698 3
73 38 2774 1
37 58 2146 3
41 32 1312 2
68 67 4556 2
70 32 2240 3
72 37 2664 1
68 63 4284 2
50 58 2900 1
44 40 1760 1
32 49 1568 1
73 64 4672 2
57 33 1881 5
84 30 2520 3
52 37 1924 5
79 52 4108 1
86 59 5074 2
28 72 2016 1
