177	165	
40	
44 50 2200 3
58 34 1972 5
34 40 1360 5
80 67 5360 2
96 59 5664 2
70 80 5600 1
66 68 4488 3
88 52 4576 3
85 58 4930 4
47 37 1739 1
69 62 4278 3
93 77 7161 2
37 67 2479 1
58 49 2842 2
42 70 2940 3
40 73 2920 3
79 36 2844 3
40 69 2760 3
44 60 2640 3
67 85 5695 1
35 76 2660 2
67 38 2546 2
64 41 2624 3
61 46 2806 1
93 49 4557 3
34 59 2006 1
49 42 2058 4
48 56 2688 4
71 96 6816 1
40 60 2400 5
42 64 2688 2
84 40 3360 2
53 68 3604 2
64 58 3712 2
62 46 2852 1
86 87 7482 2
62 61 3782 4
71 46 3266 5
76 57 4332 2
58 79 4582 4
