176	127	
40	
87 92 8004 2
54 82 4428 3
57 63 3591 3
30 74 2220 2
90 83 7470 1
65 75 4875 2
41 87 3567 4
80 69 5520 2
52 66 3432 3
51 73 3723 3
53 88 4664 3
48 91 4368 3
85 77 6545 2
63 83 5229 2
61 80 4880 2
57 87 4959 3
37 94 3478 4
44 77 3388 2
96 74 7104 1
77 91 7007 2
86 65 5590 1
63 69 4347 2
55 69 3795 3
65 96 6240 1
88 76 6688 2
37 81 2997 4
35 88 3080 2
58 75 4350 3
42 71 2982 1
40 86 3440 2
47 86 4042 2
80 86 6880 2
81 93 7533 1
61 90 5490 1
63 53 3339 1
52 80 4160 1
86 88 7568 2
64 87 5568 2
85 80 6800 2
66 96 6336 1
