185	123	
40	
45 49 2205 1
26 68 1768 2
31 48 1488 2
35 47 1645 1
52 34 1768 1
51 28 1428 5
39 72 2808 4
54 39 2106 5
40 36 1440 3
60 44 2640 1
31 43 1333 1
69 53 3657 1
53 43 2279 3
45 30 1350 2
53 52 2756 5
29 36 1044 1
49 42 2058 3
27 49 1323 3
53 32 1696 5
38 36 1368 2
28 36 1008 1
37 39 1443 3
67 37 2479 5
48 80 3840 2
71 41 2911 5
46 46 2116 4
40 50 2000 1
71 64 4544 2
47 31 1457 3
48 54 2592 1
34 46 1564 5
48 46 2208 2
50 29 1450 2
37 51 1887 4
39 49 1911 3
41 60 2460 3
45 53 2385 5
39 41 1599 5
29 50 1450 3
34 37 1258 2
