177	165	
40	
44 37 1628 3
58 29 1682 5
34 32 1088 5
80 48 3840 2
96 42 4032 2
70 58 4060 1
66 48 3168 3
88 38 3344 3
85 42 3570 5
47 30 1410 1
69 44 3036 3
93 55 5115 3
37 47 1739 1
58 36 2088 2
42 49 2058 3
40 52 2080 3
79 30 2370 3
40 49 1960 3
44 43 1892 3
67 63 4221 1
35 54 1890 2
67 31 2077 2
64 32 2048 3
61 35 2135 1
93 37 3441 3
34 42 1428 1
49 33 1617 4
48 40 1920 4
71 78 5538 1
40 43 1720 5
42 46 1932 2
84 32 2688 2
53 48 2544 2
64 42 2688 2
62 35 2170 1
86 65 5590 2
62 44 2728 4
71 35 2485 5
76 41 3116 2
58 57 3306 4
