185	123	
40	
63 69 4347 1
29 89 2581 2
39 67 2613 2
46 66 3036 1
73 45 3285 1
71 32 2272 5
53 93 4929 3
75 53 3975 4
55 49 2695 3
82 61 5002 1
39 60 2340 1
90 74 6660 1
74 61 4514 3
63 37 2331 2
74 73 5402 2
34 48 1632 1
69 58 4002 3
29 69 2001 3
74 40 2960 5
51 48 2448 2
31 49 1519 1
51 54 2754 3
89 50 4450 4
68 97 6596 2
92 57 5244 4
65 65 4225 2
55 70 3850 1
74 60 4440 4
83 73 6059 1
58 34 1972 4
34 75 2550 3
83 66 5478 2
48 58 2784 1
55 56 3080 4
73 60 4380 4
63 79 4977 2
66 89 5874 2
79 46 3634 2
85 82 6970 2
60 57 3420 2
