177	165	
40	
66 72 4752 3
77 55 4235 5
55 62 3410 5
91 83 7553 1
98 78 7644 2
85 91 7735 1
83 84 6972 2
94 73 6862 2
93 77 7161 2
69 59 4071 1
84 80 6720 3
97 89 8633 1
59 83 4897 1
77 70 5390 2
64 85 5440 2
62 87 5394 2
90 57 5130 2
62 84 5208 2
66 79 5214 3
83 93 7719 1
57 88 5016 2
83 60 4980 2
81 64 5184 3
79 68 5372 1
97 71 6887 2
55 78 4290 1
71 64 4544 4
70 76 5320 4
86 98 8428 1
63 79 4977 4
65 81 5265 2
93 63 5859 2
73 84 6132 2
82 77 6314 2
80 68 5440 1
94 94 8836 1
80 79 6320 4
86 68 5848 4
88 76 6688 2
77 90 6930 2
