176	127	
40	
94 92 8648 1
75 82 6150 2
77 63 4851 3
49 74 3626 2
96 83 7968 1
82 75 6150 2
63 87 5481 2
90 69 6210 1
73 66 4818 2
72 73 5256 2
74 88 6512 2
69 91 6279 2
93 77 7161 1
81 83 6723 2
79 80 6320 2
76 87 6612 2
59 94 5546 2
66 77 5082 2
99 74 7326 1
89 91 8099 1
94 65 6110 1
80 69 5520 2
75 69 5175 2
82 96 7872 1
95 76 7220 1
59 81 4779 2
56 88 4928 2
77 75 5775 2
65 71 4615 1
62 86 5332 2
69 86 5934 2
91 86 7826 1
91 93 8463 1
79 90 7110 1
81 53 4293 1
73 80 5840 1
94 88 8272 1
82 87 7134 2
93 80 7440 1
83 96 7968 1
