132	124	
40	
65 32 2080 5
80 35 2800 1
77 62 4774 2
75 62 4650 2
69 47 3243 2
62 26 1612 1
78 42 3276 2
87 37 3219 3
51 55 2805 4
54 51 2754 1
76 83 6308 1
78 36 2808 1
79 29 2291 1
67 58 3886 1
38 28 1064 5
75 37 2775 3
52 32 1664 4
86 33 2838 1
78 61 4758 2
62 37 2294 2
83 35 2905 2
64 67 4288 1
63 68 4284 2
51 35 1785 1
34 36 1224 4
35 56 1960 5
91 47 4277 2
89 41 3649 1
93 39 3627 1
78 58 4524 2
40 37 1480 4
60 48 2880 3
44 37 1628 4
32 27 864 2
53 42 2226 4
58 57 3306 4
41 28 1148 3
76 36 2736 1
81 38 3078 3
66 36 2376 1
