132	124	
40	
82 64 5248 1
91 69 6279 1
89 93 8277 1
88 93 8184 1
84 82 6888 1
80 41 3280 1
89 77 6853 1
94 71 6674 1
72 89 6408 1
74 86 6364 1
89 99 8811 1
89 69 6141 1
90 55 4950 1
83 91 7553 1
60 53 3180 4
88 72 6336 1
73 64 4672 1
94 65 6110 1
89 92 8188 1
80 72 5760 1
92 69 6348 1
81 95 7695 1
81 96 7776 1
72 69 4968 1
55 70 3850 2
56 90 5040 2
96 83 7968 1
95 76 7220 1
97 74 7178 1
90 91 8190 1
63 71 4473 2
79 84 6636 1
66 71 4686 2
53 48 2544 2
74 77 5698 1
77 90 6930 1
63 51 3213 3
88 69 6072 1
91 73 6643 1
83 70 5810 1
