177	165	
40	
30 37 1110 3
51 29 1479 5
25 32 800 5
95 48 4560 2
100 42 4200 2
79 58 4582 1
71 48 3408 3
99 38 3762 3
98 42 4116 3
33 30 990 1
76 44 3344 3
100 55 5500 3
25 47 1175 1
52 36 1872 2
28 49 1372 3
27 52 1404 3
93 30 2790 3
27 49 1323 3
29 43 1247 3
73 63 4599 1
25 54 1350 2
73 31 2263 2
67 32 2144 3
58 35 2030 1
100 37 3700 3
25 42 1050 1
36 33 1188 4
34 40 1360 4
81 78 6318 1
27 43 1161 5
28 46 1288 2
98 32 3136 2
41 48 1968 2
67 42 2814 2
61 35 2135 1
99 65 6435 2
62 44 2728 4
82 35 2870 5
90 41 3690 2
51 57 2907 4
