176	127	
40	
99 97 9603 1
44 69 3036 3
50 27 1350 3
25 43 1075 2
100 73 7300 1
68 45 3060 2
27 86 2322 5
94 33 3102 3
41 29 1189 4
38 39 1482 4
41 88 3608 3
33 96 3168 5
99 50 4950 2
63 73 4599 2
58 63 3654 5
49 87 4263 3
25 99 2475 5
29 50 1450 2
100 42 4200 3
92 96 8832 1
99 28 2772 1
63 33 2079 4
46 33 1518 4
69 100 6900 1
100 48 4800 2
25 63 1575 5
25 88 2200 2
52 45 2340 5
28 36 1008 1
27 83 2241 2
32 82 2624 2
95 82 7790 1
95 98 9310 1
59 93 5487 1
64 25 1600 1
40 61 2440 1
99 90 8910 1
67 84 5628 2
99 62 6138 2
71 100 7100 1
