176	127	
40	
99 83 8217 1
44 65 2860 3
50 41 2050 3
25 54 1350 2
100 67 6700 1
68 55 3740 2
27 74 1998 5
94 47 4418 2
41 44 1804 4
38 52 1976 4
41 75 3075 3
33 81 2673 5
99 57 5643 2
63 67 4221 2
58 63 3654 5
49 74 3626 3
25 86 2150 5
29 57 1653 2
100 53 5300 2
92 81 7452 1
99 42 4158 1
63 47 2961 4
46 47 2162 4
69 90 6210 1
100 56 5600 2
25 63 1575 5
25 75 1875 2
52 55 2860 5
28 50 1400 1
27 72 1944 2
32 71 2272 2
95 71 6745 1
95 85 8075 1
59 79 4661 1
64 32 2048 1
40 62 2480 1
99 76 7524 1
67 73 4891 2
99 62 6138 2
71 91 6461 1
