129	147	
40	
81 33 2673 3
94 85 7990 1
92 56 5152 2
78 76 5928 1
76 41 3116 3
57 51 2907 4
95 30 2850 3
76 44 3344 3
69 73 5037 2
89 49 4361 1
72 41 2952 3
74 57 4218 2
82 67 5494 2
65 53 3445 2
87 59 5133 2
91 32 2912 3
76 43 3268 3
73 50 3650 2
89 60 5340 2
78 31 2418 4
62 38 2356 5
87 56 4872 2
86 38 3268 3
87 38 3306 1
59 58 3422 3
63 32 2016 2
84 67 5628 2
85 32 2720 3
86 37 3182 1
84 63 5292 2
71 58 4118 1
67 40 2680 1
52 49 2548 1
87 64 5568 2
77 33 2541 4
93 30 2790 3
73 37 2701 3
90 52 4680 1
94 59 5546 2
45 72 3240 1
