176	127	
40	
65 60 3900 2
40 46 1840 3
41 32 1312 3
27 39 1053 2
69 48 3312 4
46 40 1840 2
32 53 1696 5
57 36 2052 5
38 34 1292 4
38 38 1444 4
39 53 2067 3
36 59 2124 5
63 41 2583 2
45 48 2160 2
43 45 1935 5
41 53 2173 5
30 64 1920 5
34 41 1394 2
79 39 3081 4
55 59 3245 2
64 33 2112 1
45 36 1620 4
40 36 1440 4
46 69 3174 1
66 41 2706 4
30 45 1350 5
29 53 1537 2
42 40 1680 5
33 37 1221 1
32 51 1632 2
35 51 1785 2
58 51 2958 2
58 62 3596 1
44 57 2508 1
45 28 1260 1
38 44 1672 1
64 54 3456 2
46 52 2392 4
63 45 2835 2
47 69 3243 1
