132	124	
40	
65 41 2665 5
80 47 3760 1
77 84 6468 1
75 85 6375 1
69 66 4554 1
62 27 1674 1
78 58 4524 2
87 50 4350 2
51 77 3927 2
54 72 3888 1
76 98 7448 1
78 47 3666 1
79 34 2686 1
67 80 5360 1
38 32 1216 5
75 51 3825 2
52 41 2132 4
86 42 3612 1
78 83 6474 1
62 50 3100 2
83 47 3901 2
64 88 5632 1
63 90 5670 2
51 46 2346 1
34 49 1666 4
35 78 2730 3
91 66 6006 1
89 56 4984 1
93 53 4929 1
78 80 6240 1
40 49 1960 4
60 68 4080 2
44 50 2200 4
32 29 928 2
53 58 3074 4
58 79 4582 2
41 31 1271 3
76 47 3572 1
81 52 4212 2
66 49 3234 1
