129	147	
40	
64 64 4096 3
86 100 8600 1
82 89 7298 1
59 98 5782 2
56 76 4256 2
36 86 3096 3
90 59 5310 2
56 80 4480 2
47 97 4559 2
77 84 6468 1
51 76 3876 2
54 90 4860 2
65 95 6175 1
43 87 3741 3
74 91 6734 1
81 62 5022 2
56 79 4424 2
52 85 4420 2
77 92 7084 1
59 61 3599 4
40 73 2920 5
74 90 6660 1
71 73 5183 2
73 73 5329 1
37 91 3367 3
41 63 2583 2
68 95 6460 1
70 64 4480 2
72 71 5112 1
68 93 6324 1
50 91 4550 1
44 75 3300 1
32 85 2720 1
73 94 6862 1
57 65 3705 4
84 57 4788 2
52 72 3744 4
79 87 6873 1
86 91 7826 1
28 97 2716 1
