176	127	
40	
99 60 5940 2
44 46 2024 3
50 32 1600 3
25 39 975 2
100 48 4800 2
68 40 2720 2
27 53 1431 5
94 36 3384 3
41 34 1394 4
38 38 1444 4
41 53 2173 3
33 59 1947 5
99 41 4059 2
63 48 3024 2
58 45 2610 5
49 53 2597 5
25 64 1600 5
29 41 1189 2
100 39 3900 3
92 59 5428 2
99 33 3267 1
63 36 2268 4
46 36 1656 4
69 69 4761 1
100 41 4100 3
25 45 1125 5
25 53 1325 2
52 40 2080 5
28 37 1036 1
27 51 1377 2
32 51 1632 2
95 51 4845 2
95 62 5890 1
59 57 3363 1
64 28 1792 1
40 44 1760 1
99 54 5346 2
67 52 3484 4
99 45 4455 2
71 69 4899 1
