129	147	
40	
45 33 1485 3
64 85 5440 1
60 56 3360 3
42 76 3192 3
41 41 1681 4
30 51 1530 5
68 30 2040 3
40 44 1760 5
36 73 2628 4
55 49 2695 1
37 41 1517 5
39 57 2223 4
46 67 3082 4
33 53 1749 4
53 59 3127 2
59 32 1888 3
40 43 1720 5
38 50 1900 3
55 60 3300 4
42 31 1302 5
32 38 1216 5
53 56 2968 2
50 38 1900 5
52 38 1976 1
30 58 1740 3
32 32 1024 2
49 67 3283 3
50 32 1600 3
51 37 1887 1
49 63 3087 4
37 58 2146 1
34 40 1360 1
28 49 1372 1
52 64 3328 2
41 33 1353 5
62 30 1860 3
38 37 1406 5
57 52 2964 1
64 59 3776 3
26 72 1872 1
