129	189	
40	
65 64 4160 2
99 100 9900 1
97 89 8633 2
54 98 5292 2
48 76 3648 4
25 86 2150 5
100 59 5900 3
47 80 3760 4
33 97 3201 3
91 84 7644 1
38 76 2888 5
43 90 3870 4
69 95 6555 1
28 87 2436 4
86 91 7826 2
96 62 5952 3
47 79 3713 4
40 85 3400 3
91 92 8372 2
55 61 3355 5
26 73 1898 5
86 90 7740 2
81 73 5913 2
84 73 6132 1
25 91 2275 3
27 63 1701 2
76 95 7220 1
79 64 5056 2
84 71 5964 1
76 93 7068 2
36 91 3276 1
30 75 2250 1
25 85 2125 1
85 94 7990 2
50 65 3250 4
98 57 5586 3
41 72 2952 5
93 87 8091 1
99 91 9009 2
25 97 2425 1
