177	196	
40	
30 72 2160 3
51 55 2805 5
25 62 1550 5
95 83 7885 2
100 78 7800 2
79 91 7189 1
71 84 5964 3
99 73 7227 2
98 77 7546 2
33 59 1947 1
76 80 6080 3
100 89 8900 2
25 83 2075 1
52 70 3640 2
28 85 2380 3
27 87 2349 3
93 57 5301 3
27 84 2268 3
29 79 2291 3
73 93 6789 1
25 88 2200 2
73 60 4380 2
67 64 4288 3
58 68 3944 1
100 71 7100 2
25 78 1950 1
36 64 2304 4
34 76 2584 4
81 98 7938 1
27 79 2133 5
28 81 2268 2
98 63 6174 2
41 84 3444 2
67 77 5159 2
61 68 4148 1
99 94 9306 2
62 79 4898 4
82 68 5576 4
90 76 6840 2
51 90 4590 4
