177	196	
40	
30 37 1110 3
51 25 1275 5
25 26 650 5
95 74 7030 2
100 54 5400 2
79 95 7505 1
71 75 5325 3
99 40 3960 3
98 52 5096 3
33 26 858 1
76 62 4712 3
100 91 9100 2
25 72 1800 1
52 35 1820 2
28 79 2212 3
27 85 2295 3
93 25 2325 3
27 76 2052 3
29 57 1653 3
73 98 7154 1
25 89 2225 2
73 26 1898 2
67 27 1809 3
58 32 1856 1
100 36 3600 3
25 54 1350 1
36 28 1008 4
34 47 1598 4
81 100 8100 1
27 56 1512 5
28 66 1848 2
98 27 2646 2
41 75 3075 2
67 51 3417 2
61 31 1891 1
99 99 9801 1
62 59 3658 4
82 31 2542 5
90 49 4410 2
51 93 4743 4
