132	171	
40	
82 64 5248 2
91 69 6279 1
89 93 8277 1
88 93 8184 1
84 82 6888 2
80 41 3280 1
89 77 6853 2
94 71 6674 2
72 89 6408 1
74 86 6364 1
89 99 8811 1
89 69 6141 1
90 55 4950 1
83 91 7553 1
60 53 3180 5
88 72 6336 2
73 64 4672 2
94 65 6110 1
89 92 8188 1
80 72 5760 2
92 69 6348 2
81 95 7695 1
81 96 7776 1
72 69 4968 1
55 70 3850 4
56 90 5040 2
96 83 7968 2
95 76 7220 1
97 74 7178 1
90 91 8190 1
63 71 4473 4
79 84 6636 2
66 71 4686 4
53 48 2544 2
74 77 5698 2
77 90 6930 1
63 51 3213 3
88 69 6072 1
91 73 6643 2
83 70 5810 1
