129	189	
40	
65 42 2730 3
99 99 9801 1
97 78 7566 2
54 95 5130 2
48 56 2688 4
25 72 1800 5
100 37 3700 3
47 61 2867 5
33 93 3069 4
91 69 6279 1
38 56 2128 5
43 79 3397 4
69 89 6141 2
28 74 2072 4
86 81 6966 2
96 39 3744 3
47 60 2820 5
40 71 2840 3
91 83 7553 2
55 39 2145 5
26 52 1352 5
86 78 6708 2
81 51 4131 3
84 52 4368 1
25 80 2000 3
27 40 1080 2
76 89 6764 2
79 41 3239 3
84 49 4116 1
76 86 6536 2
36 80 2880 1
30 55 1650 1
25 69 1725 1
85 86 7310 2
50 42 2100 5
98 35 3430 3
41 51 2091 5
93 73 6789 1
99 81 8019 2
25 93 2325 1
