185	170	
40	
81 49 3969 1
46 68 3128 2
61 48 2928 2
68 47 3196 1
87 34 2958 1
86 28 2408 5
74 72 5328 4
88 39 3432 5
75 36 2700 3
92 44 4048 1
61 43 2623 1
96 53 5088 1
87 43 3741 3
81 30 2430 2
87 52 4524 5
56 36 2016 1
84 42 3528 3
48 49 2352 3
87 32 2784 5
72 36 2592 2
51 36 1836 1
72 39 2808 3
95 37 3515 4
84 80 6720 2
97 41 3977 4
82 46 3772 4
76 50 3800 1
96 64 6144 2
83 31 2573 3
83 54 4482 1
67 46 3082 5
84 46 3864 2
85 29 2465 2
71 51 3621 4
74 49 3626 3
77 60 4620 3
81 53 4293 5
75 41 3075 5
55 50 2750 3
66 37 2442 2
