185	170	
40	
81 84 6804 1
46 95 4370 2
61 83 5063 2
68 83 5644 1
87 67 5829 1
86 52 4472 5
74 97 7178 2
88 74 6512 4
75 70 5250 3
92 80 7360 1
61 79 4819 1
96 87 8352 1
87 79 6873 3
81 59 4779 2
87 87 7569 2
56 70 3920 1
84 77 6468 3
48 85 4080 3
87 62 5394 4
72 70 5040 2
51 70 3570 1
72 75 5400 3
95 72 6840 2
84 99 8316 2
97 76 7372 2
82 82 6724 4
76 85 6460 1
96 94 9024 1
83 61 5063 3
83 88 7304 1
67 81 5427 4
84 82 6888 2
85 55 4675 2
71 86 6106 2
74 85 6290 3
77 92 7084 2
81 87 7047 2
75 77 5775 4
55 85 4675 3
66 71 4686 2
