132	171	
40	
82 32 2624 5
91 35 3185 1
89 62 5518 2
88 62 5456 2
84 47 3948 3
80 26 2080 1
89 42 3738 4
94 37 3478 4
72 55 3960 3
74 51 3774 1
89 83 7387 2
89 36 3204 1
90 29 2610 1
83 58 4814 1
60 28 1680 5
88 37 3256 4
73 32 2336 4
94 33 3102 1
89 61 5429 2
80 37 2960 2
92 35 3220 2
81 67 5427 1
81 68 5508 2
72 35 2520 1
55 36 1980 4
56 56 3136 5
96 47 4512 3
95 41 3895 1
97 39 3783 1
90 58 5220 2
63 37 2331 4
79 48 3792 3
66 37 2442 4
53 27 1431 2
74 42 3108 4
77 57 4389 3
63 28 1764 3
88 36 3168 1
91 38 3458 4
83 36 2988 1
