129	189	
40	
65 28 1820 3
99 100 9900 1
97 92 8924 2
54 100 5400 2
48 48 2304 4
25 84 2100 5
100 26 2600 3
47 60 2820 5
33 100 3300 3
91 77 7007 1
38 48 1824 5
43 93 3999 4
69 100 6900 1
28 87 2436 4
86 96 8256 1
96 26 2496 3
47 57 2679 5
40 80 3200 3
91 97 8827 1
55 26 1430 5
26 40 1040 5
86 93 7998 2
81 39 3159 4
84 40 3360 1
25 95 2375 3
27 27 729 2
76 100 7600 1
79 27 2133 3
84 36 3024 1
76 99 7524 1
36 95 3420 1
30 46 1380 1
25 78 1950 1
85 99 8415 1
50 28 1400 5
98 25 2450 3
41 38 1558 5
93 86 7998 1
99 96 9504 1
25 100 2500 1
