132	171	
40	
69 32 2208 5
95 35 3325 1
91 62 5642 2
88 62 5456 2
77 47 3619 3
61 26 1586 1
92 42 3864 4
99 37 3663 4
38 55 2090 4
43 51 2193 1
90 83 7470 2
92 36 3312 1
94 29 2726 1
73 58 4234 1
26 28 728 5
88 37 3256 4
40 32 1280 4
99 33 3267 1
92 61 5612 2
60 37 2220 2
97 35 3395 2
65 67 4355 1
63 68 4284 3
39 35 1365 1
25 36 900 4
25 56 1400 5
100 47 4700 3
100 41 4100 1
100 39 3900 1
93 58 5394 2
27 37 999 4
57 48 2736 3
29 37 1073 4
25 27 675 2
42 42 1764 4
51 57 2907 4
27 28 756 3
90 36 3240 1
96 38 3648 4
71 36 2556 1
