176	174	
40	
87 60 5220 2
54 46 2484 3
57 32 1824 3
30 39 1170 2
90 48 4320 3
65 40 2600 2
41 53 2173 5
80 36 2880 5
52 34 1768 4
51 38 1938 4
53 53 2809 3
48 59 2832 5
85 41 3485 2
63 48 3024 2
61 45 2745 5
57 53 3021 5
37 64 2368 5
44 41 1804 2
96 39 3744 4
77 59 4543 2
86 33 2838 1
63 36 2268 4
55 36 1980 4
65 69 4485 1
88 41 3608 4
37 45 1665 5
35 53 1855 2
58 40 2320 5
42 37 1554 1
40 51 2040 2
47 51 2397 2
80 51 4080 2
81 62 5022 1
61 57 3477 1
63 28 1764 1
52 44 2288 1
86 54 4644 2
64 52 3328 4
85 45 3825 2
66 69 4554 1
