129	189	
40	
81 33 2673 3
94 85 7990 1
92 56 5152 3
78 76 5928 2
76 41 3116 4
57 51 2907 5
95 30 2850 3
76 44 3344 4
69 73 5037 2
89 49 4361 1
72 41 2952 4
74 57 4218 3
82 67 5494 2
65 53 3445 3
87 59 5133 2
91 32 2912 3
76 43 3268 4
73 50 3650 3
89 60 5340 3
78 31 2418 5
62 38 2356 5
87 56 4872 2
86 38 3268 4
87 38 3306 1
59 58 3422 3
63 32 2016 2
84 67 5628 2
85 32 2720 3
86 37 3182 1
84 63 5292 3
71 58 4118 1
67 40 2680 1
52 49 2548 1
87 64 5568 2
77 33 2541 5
93 30 2790 3
73 37 2701 5
90 52 4680 1
94 59 5546 3
45 72 3240 1
