132	171	
40	
46 32 1472 5
58 35 2030 1
55 62 3410 2
53 62 3286 4
49 47 2303 3
44 26 1144 1
56 42 2352 4
65 37 2405 4
37 55 2035 4
39 51 1989 1
55 83 4565 4
56 36 2016 1
57 29 1653 1
48 58 2784 1
31 28 868 5
53 37 1961 5
38 32 1216 4
64 33 2112 1
56 61 3416 3
44 37 1628 2
61 35 2135 2
45 67 3015 1
45 68 3060 3
38 35 1330 1
29 36 1044 4
29 56 1624 5
70 47 3290 3
68 41 2788 1
72 39 2808 1
56 58 3248 3
32 37 1184 4
43 48 2064 3
34 37 1258 4
28 27 756 2
39 42 1638 4
42 57 2394 4
32 28 896 3
54 36 1944 1
59 38 2242 5
47 36 1692 1
