132	171	
40	
69 64 4416 2
95 69 6555 1
91 93 8463 1
88 93 8184 1
77 82 6314 2
61 41 2501 1
92 77 7084 2
99 71 7029 2
38 89 3382 3
43 86 3698 1
90 99 8910 1
92 69 6348 1
94 55 5170 1
73 91 6643 1
26 53 1378 5
88 72 6336 2
40 64 2560 4
99 65 6435 1
92 92 8464 1
60 72 4320 2
97 69 6693 2
65 95 6175 1
63 96 6048 2
39 69 2691 1
25 70 1750 4
25 90 2250 5
100 83 8300 2
100 76 7600 1
100 74 7400 1
93 91 8463 1
27 71 1917 4
57 84 4788 3
29 71 2059 4
25 48 1200 2
42 77 3234 4
51 90 4590 2
27 51 1377 3
90 69 6210 1
96 73 7008 2
71 70 4970 1
