185	170	
40	
64 77 4928 1
25 100 2500 2
26 73 1898 2
31 71 2201 1
85 30 2550 1
82 25 2050 5
42 100 4200 4
88 42 3696 5
45 35 1575 3
96 60 5760 1
26 57 1482 1
100 87 8700 1
87 58 5046 3
64 25 1600 2
87 85 7395 4
25 34 850 1
77 51 3927 3
25 78 1950 3
86 27 2322 5
38 34 1292 2
25 35 875 1
38 44 1672 3
100 37 3700 4
74 100 7400 2
100 49 4900 3
68 69 4692 4
47 80 3760 1
87 57 4959 4
97 86 8342 1
51 25 1275 4
25 89 2225 3
97 70 6790 2
34 52 1768 1
45 49 2205 4
85 58 4930 4
63 94 5922 2
70 100 7000 2
93 31 2883 2
98 96 9408 1
57 49 2793 2
