185	170	
40	
64 69 4416 1
25 89 2225 2
26 67 1742 2
31 66 2046 1
85 45 3825 1
82 32 2624 5
42 93 3906 4
88 53 4664 5
45 49 2205 3
96 61 5856 1
26 60 1560 1
100 74 7400 1
87 61 5307 3
64 37 2368 2
87 73 6351 4
25 48 1200 1
77 58 4466 3
25 69 1725 3
86 40 3440 5
38 48 1824 2
25 49 1225 1
38 54 2052 3
100 50 5000 3
74 97 7178 2
100 57 5700 2
68 65 4420 4
47 70 3290 1
87 60 5220 4
97 73 7081 1
51 34 1734 4
25 75 1875 3
97 66 6402 2
34 58 1972 1
45 56 2520 4
85 60 5100 4
63 79 4977 4
70 89 6230 2
93 46 4278 2
98 82 8036 2
57 57 3249 2
