129	189	
40	
64 64 4096 3
86 100 8600 1
82 89 7298 2
59 98 5782 2
56 76 4256 4
36 86 3096 5
90 59 5310 3
56 80 4480 4
47 97 4559 2
77 84 6468 1
51 76 3876 4
54 90 4860 4
65 95 6175 1
43 87 3741 4
74 91 6734 2
81 62 5022 3
56 79 4424 4
52 85 4420 3
77 92 7084 2
59 61 3599 5
40 73 2920 5
74 90 6660 2
71 73 5183 2
73 73 5329 1
37 91 3367 3
41 63 2583 2
68 95 6460 1
70 64 4480 2
72 71 5112 1
68 93 6324 2
50 91 4550 1
44 75 3300 1
32 85 2720 1
73 94 6862 2
57 65 3705 4
84 57 4788 3
52 72 3744 4
79 87 6873 1
86 91 7826 2
28 97 2716 1
