177	196	
40	
34 37 1258 3
41 29 1189 5
29 32 928 5
58 48 2784 2
77 42 3234 2
50 58 2900 1
47 48 2256 3
66 38 2508 3
62 42 2604 5
36 30 1080 1
49 44 2156 3
72 55 3960 5
30 47 1410 1
42 36 1512 2
33 49 1617 3
32 52 1664 3
57 30 1710 3
32 49 1568 3
34 43 1462 3
48 63 3024 1
30 54 1620 2
48 31 1488 2
46 32 1472 3
43 35 1505 1
73 37 2701 3
29 42 1218 1
37 33 1221 4
36 40 1440 4
50 78 3900 1
32 43 1376 5
33 46 1518 2
62 32 1984 2
39 48 1872 2
46 42 1932 2
44 35 1540 1
63 65 4095 2
44 44 1936 4
51 35 1785 5
54 41 2214 2
42 57 2394 4
