176	174	
40	
94 60 5640 2
75 46 3450 3
77 32 2464 3
49 39 1911 2
96 48 4608 3
82 40 3280 2
63 53 3339 5
90 36 3240 4
73 34 2482 4
72 38 2736 4
74 53 3922 3
69 59 4071 4
93 41 3813 2
81 48 3888 2
79 45 3555 5
76 53 4028 5
59 64 3776 4
66 41 2706 2
99 39 3861 4
89 59 5251 2
94 33 3102 1
80 36 2880 4
75 36 2700 4
82 69 5658 1
95 41 3895 4
59 45 2655 5
56 53 2968 2
77 40 3080 5
65 37 2405 1
62 51 3162 2
69 51 3519 2
91 51 4641 2
91 62 5642 1
79 57 4503 1
81 28 2268 1
73 44 3212 1
94 54 5076 2
82 52 4264 4
93 45 4185 2
83 69 5727 1
