177	196	
40	
30 50 1500 3
51 34 1734 5
25 40 1000 5
95 67 6365 2
100 59 5900 2
79 80 6320 1
71 68 4828 3
99 52 5148 3
98 58 5684 3
33 37 1221 1
76 62 4712 3
100 77 7700 2
25 67 1675 1
52 49 2548 2
28 70 1960 3
27 73 1971 3
93 36 3348 3
27 69 1863 3
29 60 1740 3
73 85 6205 1
25 76 1900 2
73 38 2774 2
67 41 2747 3
58 46 2668 1
100 49 4900 3
25 59 1475 1
36 42 1512 4
34 56 1904 4
81 96 7776 1
27 60 1620 5
28 64 1792 2
98 40 3920 2
41 68 2788 2
67 58 3886 2
61 46 2806 1
99 87 8613 2
62 61 3782 4
82 46 3772 5
90 57 5130 2
51 79 4029 4
