177	196	
40	
66 37 2442 3
77 29 2233 5
55 32 1760 5
91 48 4368 2
98 42 4116 2
85 58 4930 1
83 48 3984 3
94 38 3572 3
93 42 3906 4
69 30 2070 1
84 44 3696 3
97 55 5335 3
59 47 2773 1
77 36 2772 2
64 49 3136 3
62 52 3224 3
90 30 2700 3
62 49 3038 3
66 43 2838 3
83 63 5229 1
57 54 3078 2
83 31 2573 2
81 32 2592 3
79 35 2765 1
97 37 3589 3
55 42 2310 1
71 33 2343 4
70 40 2800 4
86 78 6708 1
63 43 2709 5
65 46 2990 2
93 32 2976 2
73 48 3504 2
82 42 3444 2
80 35 2800 1
94 65 6110 2
80 44 3520 4
86 35 3010 5
88 41 3608 2
77 57 4389 4
