176	174	
40	
94 92 8648 1
75 82 6150 3
77 63 4851 3
49 74 3626 2
96 83 7968 2
82 75 6150 2
63 87 5481 4
90 69 6210 2
73 66 4818 4
72 73 5256 4
74 88 6512 2
69 91 6279 2
93 77 7161 2
81 83 6723 2
79 80 6320 4
76 87 6612 4
59 94 5546 2
66 77 5082 2
99 74 7326 2
89 91 8099 1
94 65 6110 1
80 69 5520 4
75 69 5175 4
82 96 7872 1
95 76 7220 2
59 81 4779 4
56 88 4928 2
77 75 5775 4
65 71 4615 1
62 86 5332 2
69 86 5934 2
91 86 7826 2
91 93 8463 1
79 90 7110 1
81 53 4293 1
73 80 5840 1
94 88 8272 1
82 87 7134 4
93 80 7440 2
83 96 7968 1
