176	174	
40	
87 83 7221 2
54 65 3510 3
57 41 2337 3
30 54 1620 2
90 67 6030 2
65 55 3575 2
41 74 3034 5
80 47 3760 5
52 44 2288 4
51 52 2652 4
53 75 3975 3
48 81 3888 5
85 57 4845 2
63 67 4221 2
61 63 3843 4
57 74 4218 5
37 86 3182 5
44 57 2508 2
96 53 5088 3
77 81 6237 2
86 42 3612 1
63 47 2961 4
55 47 2585 4
65 90 5850 1
88 56 4928 4
37 63 2331 5
35 75 2625 2
58 55 3190 5
42 50 2100 1
40 72 2880 2
47 71 3337 2
80 71 5680 2
81 85 6885 1
61 79 4819 1
63 32 2016 1
52 62 3224 1
86 76 6536 2
64 73 4672 4
85 62 5270 2
66 91 6006 1
