176	174	
40	
99 92 9108 1
44 82 3608 3
50 63 3150 3
25 74 1850 2
100 83 8300 2
68 75 5100 2
27 87 2349 5
94 69 6486 2
41 66 2706 4
38 73 2774 4
41 88 3608 3
33 91 3003 5
99 77 7623 2
63 83 5229 2
58 80 4640 5
49 87 4263 5
25 94 2350 5
29 77 2233 2
100 74 7400 2
92 91 8372 1
99 65 6435 1
63 69 4347 4
46 69 3174 4
69 96 6624 1
100 76 7600 2
25 81 2025 5
25 88 2200 2
52 75 3900 5
28 71 1988 1
27 86 2322 2
32 86 2752 2
95 86 8170 2
95 93 8835 1
59 90 5310 1
64 53 3392 1
40 80 3200 1
99 88 8712 1
67 87 5829 4
99 80 7920 2
71 96 6816 1
