185	170	
40	
63 49 3087 1
29 68 1972 2
39 48 1872 2
46 47 2162 1
73 34 2482 1
71 28 1988 5
53 72 3816 5
75 39 2925 5
55 36 1980 3
82 44 3608 1
39 43 1677 1
90 53 4770 1
74 43 3182 3
63 30 1890 2
74 52 3848 5
34 36 1224 1
69 42 2898 3
29 49 1421 3
74 32 2368 5
51 36 1836 2
31 36 1116 1
51 39 1989 3
89 37 3293 5
68 80 5440 2
92 41 3772 5
65 46 2990 4
55 50 2750 1
92 64 5888 4
67 31 2077 3
67 54 3618 1
45 46 2070 5
68 46 3128 2
70 29 2030 2
49 51 2499 4
53 49 2597 3
57 60 3420 3
63 53 3339 5
54 41 2214 5
34 50 1700 3
44 37 1628 2
