132	171	
40	
69 27 1863 5
95 32 3040 1
91 98 8918 1
88 98 8624 1
77 70 5390 2
61 25 1525 1
92 52 4784 3
99 36 3564 4
38 91 3458 3
43 83 3569 1
90 100 9000 1
92 33 3036 1
94 25 2350 1
73 95 6935 1
26 25 650 5
88 38 3344 4
40 27 1080 4
99 28 2772 1
92 97 8924 1
60 37 2220 2
97 32 3104 2
65 100 6500 1
63 100 6300 2
39 32 1248 1
25 35 875 4
25 93 2325 5
100 71 7100 2
100 48 4800 1
100 41 4100 1
93 95 8835 1
27 35 945 4
57 74 4218 3
29 37 1073 4
25 25 625 2
42 51 2142 4
51 94 4794 2
27 25 675 3
90 33 2970 1
96 39 3744 4
71 35 2485 1
