177	196	
40	
44 72 3168 3
58 55 3190 5
34 62 2108 5
80 83 6640 2
96 78 7488 2
70 91 6370 1
66 84 5544 3
88 73 6424 3
85 77 6545 4
47 59 2773 1
69 80 5520 3
93 89 8277 2
37 83 3071 1
58 70 4060 2
42 85 3570 3
40 87 3480 3
79 57 4503 3
40 84 3360 3
44 79 3476 3
67 93 6231 1
35 88 3080 2
67 60 4020 2
64 64 4096 3
61 68 4148 1
93 71 6603 2
34 78 2652 1
49 64 3136 4
48 76 3648 4
71 98 6958 1
40 79 3160 5
42 81 3402 2
84 63 5292 2
53 84 4452 2
64 77 4928 2
62 68 4216 1
86 94 8084 2
62 79 4898 4
71 68 4828 4
76 76 5776 2
58 90 5220 4
