129	189	
40	
81 64 5184 2
94 100 9400 1
92 89 8188 2
78 98 7644 1
76 76 5776 2
57 86 4902 4
95 59 5605 3
76 80 6080 2
69 97 6693 1
89 84 7476 1
72 76 5472 2
74 90 6660 2
82 95 7790 1
65 87 5655 2
87 91 7917 2
91 62 5642 3
76 79 6004 2
73 85 6205 2
89 92 8188 2
78 61 4758 3
62 73 4526 4
87 90 7830 2
86 73 6278 2
87 73 6351 1
59 91 5369 3
63 63 3969 2
84 95 7980 1
85 64 5440 2
86 71 6106 1
84 93 7812 2
71 91 6461 1
67 75 5025 1
52 85 4420 1
87 94 8178 2
77 65 5005 2
93 57 5301 3
73 72 5256 2
90 87 7830 1
94 91 8554 2
45 97 4365 1
