132	171	
40	
69 41 2829 4
95 47 4465 1
91 84 7644 2
88 85 7480 2
77 66 5082 2
61 27 1647 1
92 58 5336 2
99 50 4950 3
38 77 2926 4
43 72 3096 1
90 98 8820 1
92 47 4324 1
94 34 3196 1
73 80 5840 1
26 32 832 5
88 51 4488 3
40 41 1640 4
99 42 4158 1
92 83 7636 2
60 50 3000 2
97 47 4559 2
65 88 5720 1
63 90 5670 2
39 46 1794 1
25 49 1225 4
25 78 1950 5
100 66 6600 2
100 56 5600 1
100 53 5300 1
93 80 7440 2
27 49 1323 4
57 68 3876 3
29 50 1450 4
25 29 725 2
42 58 2436 4
51 79 4029 4
27 31 837 3
90 47 4230 1
96 52 4992 3
71 49 3479 1
