185	170	
40	
64 84 5376 1
25 95 2375 2
26 83 2158 2
31 83 2573 1
85 67 5695 1
82 52 4264 5
42 97 4074 4
88 74 6512 4
45 70 3150 3
96 80 7680 1
26 79 2054 1
100 87 8700 1
87 79 6873 3
64 59 3776 2
87 87 7569 2
25 70 1750 1
77 77 5929 3
25 85 2125 3
86 62 5332 4
38 70 2660 2
40 51 2040 2
53 82 4346 5
63 84 5292 3
35 97 3395 3
25 82 2050 1
32 76 2432 3
56 87 4872 3
98 92 9016 1
99 77 7623 2
25 55 1375 1
97 92 8924 1
68 70 4760 4
77 75 5775 2
25 87 2175 2
73 80 5840 2
95 82 7790 2
96 90 8640 1
52 93 4836 1
85 79 6715 1
86 73 6278 2
